"V1" "V2" "V3" "V4" "V5" "V6" "V7" "V8" "V9" "V10" "V11" "V12" "V13" "V14" "V15" "V16" "V17" "V18" "V19" "V20" "V21" "V22" "V23" "V24" "V25" "V26" "V27" "V28" "V29" "V30" "V31" "V32" "V33" "V34" "V35" "V36" "V37" "V38" "V39" "V40"
"result.1" 0.0190238095238095 0.0362497502497503 0.277784482674189 0 0.610227702852703 0.667887340904165 NA 0.79232563628262 0.0743031135531136 0.0819249639249639 0.124323496544458 0.163949279291649 0.176737011652954 0 0.0832230338276666 0.45573551123696 NA 0.469313569166709 0.0950664640300355 0.0861569030494486 0.00759306984906316 0.0121696573767298 0.0310980533093346 0 0.0282976334537585 0.0118423285587817 NA 0.00831218419031705 0.0181752090139854 0.0207782598310021 0.0132114658019909 0.014367977031102 0.0133471238064831 0 0.00749752707028473 0.0178709905735691 NA 0.0165469702699476 0.0115145459243995 0.0108175872717797
"result.2" 0.036573685086843 0.0641836348292231 0.210469982144608 0 0.521528954705425 0.633976618134696 NA 0.787007247538021 0.0750080849383175 0.0633595999766076 0.225243529088929 0.263354854857708 0.285370370815305 0 0.156379397170551 0.534810045853035 NA 0.56076492694798 0.139979812348181 0.134738007405341 0.00841480416780452 0.0124253081132531 0.0214377080132938 0 0.0258794426973551 0.0117658025437989 NA 0.0086750083847744 0.0187223687874645 0.01620886888209 0.0155382612149998 0.0145943270376362 0.0133188051660226 0 0.0119854043595388 0.0153713305321367 NA 0.0149531129276207 0.0134358910523426 0.013884301080717
"result.3" 0.03060834998335 0.055205855376134 0.191985122942671 0 0.491558639889522 0.632445945743066 NA 0.777483099926801 0.108639809995073 0.114893248564301 0.246196873904362 0.329431180277601 0.361097642434749 0 0.193925751026713 0.555114104076859 NA 0.57675694684082 0.180086710455651 0.17140012968393 0.00766105370510702 0.00934095917168425 0.0203726423316205 0 0.0222798234844882 0.00958585794615387 NA 0.00753668322341119 0.0202499086864136 0.0206328094665834 0.0174560070733122 0.0167008781848988 0.015004371398078 0 0.015108102550286 0.0135293268076035 NA 0.0151792325192915 0.0173093084784504 0.0174879878705485
"result.4" 0.0388516725792268 0.0567933291469602 0.158351266285551 0 0.46295552381684 0.623618016623723 NA 0.778144895474362 0.0737776518213291 0.0729563715270237 0.329995467868395 0.386041193800748 0.413547244507013 0 0.248551370471122 0.617915125244821 NA 0.628974214218785 0.217720461516008 0.214165850419291 0.00922563484619864 0.00809501350481627 0.0152475744334447 0 0.0220937216707054 0.00995060251151377 NA 0.00849638882157211 0.0168582177379987 0.0150966282634695 0.0193361432313054 0.0168896989363806 0.015562738509819 0 0.016768012300205 0.0135817124936559 NA 0.0158222842355325 0.0172492313172981 0.0173624939089295
"result.5" 0.0391788036095312 0.0570197131300072 0.178065360398716 0 0.373906401905628 0.605622909418027 NA 0.758453742432924 0.090688088459516 0.0824454626610956 0.358402861163275 0.424996709882611 0.4695618171459 0 0.305352064347732 0.631290965932242 NA 0.628387007355823 0.246989067629995 0.230997779446293 0.0076678222607182 0.00761315252395574 0.0164127059563706 0 0.019391742687135 0.0102965389995897 NA 0.0101805478513918 0.0158282862522204 0.0154566045745287 0.020171940292229 0.0173831413754228 0.0162051722059767 0 0.0179313577616701 0.014276194165165 NA 0.0156985424921036 0.0176267066121704 0.0171524766597818
"result.6" 0.0374848088787717 0.0738083099335118 0.16665689724065 0 0.352340360598746 0.59825223503815 NA 0.74949959465452 0.0635811786252963 0.061729051667287 0.461687321718551 0.51884239075308 0.548528066998711 0.000357142857142857 0.383243614476852 0.685831423480729 NA 0.694769870540901 0.299054134337197 0.284057419733288 0.00601847499742905 0.00906220365343952 0.0165829717684332 0 0.0172149411273673 0.00960623560450988 NA 0.010748405686315 0.0101645766698252 0.0113233456201491 0.0165888337072774 0.0164964398419789 0.0138510454247151 0.000357142857142857 0.0191246201439744 0.0124146674903315 NA 0.0129015228721997 0.0176393801297307 0.0179370449346692
"result.7" 0.0242719878512943 0.0447166246554766 0.125003719098688 0 0.416601945228167 0.42004929913832 NA 0.627290821499921 0.0708901137753529 0.0669048260687552 0.214953886814794 0.250582085731193 0.275376507243162 0 0.0714247809585942 0.477861431833106 NA 0.414352342435938 0.126920569562331 0.126716204944056 0.00449155173896908 0.00616857399637521 0.0111828916103315 0 0.0249317606179819 0.0107887119388934 NA 0.0069987677684941 0.0137551145682389 0.0136413609252021 0.0132649965468953 0.0125390799940716 0.0107809636745622 0 0.00611255533073045 0.0120072367688096 NA 0.0113338124495664 0.0127121160692839 0.012774213083626
"result.8" 0.0380247954104698 0.0494370248863038 0.110013624986086 0 0.407796805595225 0.421146834857138 NA 0.601939555074156 0.0816940003808533 0.0752718220324289 0.290268797613266 0.32218647517428 0.371128948457758 0.000101010101010101 0.0976095957007386 0.522592714620384 NA 0.454328767100497 0.157921949102958 0.158667050877208 0.0052715972015857 0.00469110843446195 0.00912674481891835 0 0.0225211307028788 0.00964711295787645 NA 0.00848674484382198 0.0147072576090973 0.0118233876224804 0.0159741773826015 0.0133844265381903 0.0111597066585548 0.000101010101010101 0.00964537958924092 0.0109624780974655 NA 0.0116571731125987 0.0129763813060177 0.0134996287180127
"result.9" 0.033363410557394 0.0500851268885835 0.102803867306278 0 0.37015069992669 0.432995953292311 NA 0.61202137571299 0.111061869067864 0.108606829521029 0.335921027119148 0.388092513768561 0.428572688216493 0 0.125301928864633 0.542678738602694 NA 0.507369689462353 0.21287282288314 0.208940032969635 0.00450531281424422 0.00540501406487218 0.0083582156452607 0 0.0224028895819679 0.0108962489297227 NA 0.00732539278146495 0.0172384739437416 0.0170813922091779 0.0158166299157376 0.0125906076146349 0.00998114139396605 0 0.00990570607680705 0.0119498798917488 NA 0.0115641711712163 0.0143255534708467 0.0143162462755803
"result.10" 0.0397800279414578 0.0546215086231607 0.117684612061394 0 0.338820694414208 0.435296105546697 NA 0.6089720495434 0.141617787436369 0.150984624869867 0.36145869710756 0.411778136684118 0.455758832293396 0 0.139362336589893 0.569539156985691 NA 0.525003507717519 0.21497860472195 0.213769292375535 0.0051943090924947 0.005131285383353 0.00941527062416026 0 0.0199667814060611 0.0106652457230162 NA 0.00740542397710956 0.018564170752242 0.0199680522496403 0.0176157607364458 0.014490208215737 0.0120335904409052 0 0.0102055991018434 0.0110652714962085 NA 0.00977494346570445 0.0157637778182223 0.015696778326935
"result.11" 0.0372865404105842 0.0477327831545509 0.0937252926548514 0 0.265500729644196 0.443474882370865 NA 0.608595151682555 0.106044589231344 0.102491456915181 0.419410150248099 0.482448188291895 0.523761390724665 0 0.203688988178428 0.602846363528268 NA 0.552825820335721 0.258060759609194 0.249232487838214 0.00671475180589331 0.00456526708386131 0.00812643609315884 0 0.015647344893108 0.0111574168331358 NA 0.00872426522530575 0.0124206770846314 0.0124717757804933 0.0160407217041684 0.0138047634421171 0.0122020260215273 0 0.0141172542870273 0.0113035335787421 NA 0.0136593921469324 0.0150890486046315 0.0147460670545087
"result.12" 0.0393299802063432 0.0479625004738264 0.0994063100433967 0 0.300791489541447 0.453485785708633 NA 0.593437194741711 0.123699746388028 0.117559093306014 0.496066949669539 0.537331692852613 0.581221555469742 0 0.23279702140551 0.633465359607062 NA 0.564585833875128 0.298400688038181 0.293889963036385 0.00402429939267467 0.00409004025486543 0.0080818920054237 0 0.0179760443352924 0.0108938073255724 NA 0.0122055801180175 0.0137139544380365 0.0133831597433867 0.0156902734094856 0.0133411867219661 0.0112717513902332 0 0.0140948845394303 0.0116740355942401 NA 0.0131840853663749 0.0163019390063181 0.0167491343112781
"result.13" 0.0429136973707407 0.0343202183523391 0.0339379056186332 0 0.588049805837832 0.752449236814772 NA 0.775368299551843 0.617825805978658 0.610019086760158 0.479297811426411 0.450561994882282 0.454966792563046 0 0.332212456195565 0.715505876765447 NA 0.689662964917291 0.451564737317812 0.444968798487321 0.00691448872087764 0.00556528453207917 0.00571546085143463 0 0.0128185334119153 0.00559178913020744 NA 0.00567864200384968 0.0193674370032396 0.0199032203790085 0.0122233360752842 0.0128225754583077 0.0120592358400816 0 0.013890378956724 0.00947241281089448 NA 0.0101029411568343 0.0118491099068643 0.0120561250052059
"result.14" 0.0428325188170389 0.0307803498254636 0.0316428171530339 0 0.504668783910169 0.751265890486228 NA 0.784551971891482 0.572039952397116 0.564776370064207 0.596274125677827 0.578396783685248 0.581906344137413 0 0.50309027120167 0.761657171051421 NA 0.732354281486631 0.523490688646316 0.519338989182831 0.00541779478647106 0.00456086468489508 0.00443201090034769 0 0.00967767110457706 0.00534089910041952 NA 0.00492657159749075 0.0216927302236153 0.0220203375029919 0.0104381426339163 0.0120687615011332 0.0111541735276327 0 0.016152527851437 0.00875798756672891 NA 0.00944876126215916 0.0126113494801819 0.0131996594390621
"result.15" 0.0404594801126122 0.0315486650704791 0.0329729026704974 0 0.473995426586037 0.746084554225389 NA 0.775858611875144 0.540609073251642 0.539838879189362 0.657428639878271 0.630388111867076 0.632933469640354 0 0.594382608255558 0.775233290665642 NA 0.750291600882248 0.585592486239744 0.583691113753762 0.00498560861776937 0.00429850770924317 0.00453052298510657 0 0.00993606353368113 0.00532075106122037 NA 0.00443012019106923 0.0237413192039472 0.0234453647880942 0.0131798334281491 0.0123134495078399 0.0122168352763388 0 0.0150977528917786 0.00978783377111184 NA 0.0100004376024269 0.0131331482742557 0.0136987159943453
"result.16" 0.0537439304907536 0.0365660607545787 0.0366368524100994 0 0.427152909922637 0.726029783035339 NA 0.763609468253526 0.518442155708207 0.522902953639586 0.72610904766124 0.70809435301479 0.711196861118303 0 0.696660770429556 0.832329690203734 NA 0.804595065810118 0.643223793966949 0.637663144922843 0.00474430282709826 0.00490150828161314 0.00488483526628474 0 0.00914158806192218 0.00536358820498202 NA 0.00512248744547488 0.0238275914057626 0.0233315269272395 0.00957576444710315 0.00933319081574359 0.00887453702343437 0 0.0111514054514488 0.00799790307432177 NA 0.00732153696067632 0.0108899513548675 0.0112101006205478
"result.17" 0.0393270742505168 0.0327327943714445 0.0327730454788975 0 0.410596858235751 0.718458512186075 NA 0.765579941112456 0.536894986635216 0.530180255005855 0.736854008639859 0.725441897824251 0.728054458210724 0 0.730449758044544 0.830503511160339 NA 0.808007560582743 0.662901144903559 0.658242542967111 0.00491132249824671 0.00465014594092118 0.00452046999660146 0 0.00989091151663847 0.00514414652631017 NA 0.00458011826807472 0.0220681094427774 0.0220165557071829 0.0118935437046849 0.011023179099768 0.010822685398809 0 0.0107941890382795 0.00693894274143866 NA 0.0081951855363334 0.0122759758780535 0.0122897323993417
"result.18" 0.046349308733456 0.0354559649913839 0.0380477958738094 0 0.403875566477761 0.737966812449238 NA 0.771145322579434 0.555056905040715 0.554774662706013 0.778511647674556 0.769568740119799 0.771272642236201 0.000333333333333333 0.782617434011515 0.836893733680336 NA 0.83352983751295 0.712093741761861 0.703585169455798 0.00494212010616181 0.00477638318372482 0.00542310455686913 0 0.0102277311410815 0.00631974704227804 NA 0.00498311342464336 0.0204728132246088 0.0204948082185089 0.00942627124075389 0.00926789181831353 0.00929251570416183 0.000333333333333333 0.00970246894135822 0.0088266358560064 NA 0.00819856850400931 0.0108540367979454 0.0115573726455649
"result.19" 0.0358997329333261 0.030095024666608 0.0294890492365194 0 0.28339551909107 0.450558838387971 NA 0.577736606321903 0.359912913111596 0.356571314047133 0.584990254548991 0.564147682553932 0.568572450955112 0 0.372016792352872 0.718732921882493 NA 0.643140299989202 0.50662190205562 0.501894753532932 0.00243998733156433 0.00218161764945021 0.00230139089743108 0 0.00909248920397525 0.0052549178232793 NA 0.00471337198074925 0.0154571254545288 0.0156152933339964 0.00764856577556444 0.00780151310364268 0.00758172195149102 0 0.0134733203824733 0.00618362498069862 NA 0.00599276840574977 0.00927529172342967 0.00937621890079171
"result.20" 0.0351871438686941 0.0315577216554533 0.0314647196878415 0 0.230398361406046 0.447285247009185 NA 0.593315456914905 0.354162264771916 0.351026905870119 0.669400071028067 0.654759993460199 0.658092782605809 0 0.498935884592896 0.758171477393062 NA 0.681248433117981 0.571710468446448 0.567337142829165 0.00285667489888695 0.00268689341177495 0.00260906262899631 0 0.00603978857641315 0.00479961779545181 NA 0.00400016713084569 0.0135967678507386 0.0133105638154545 0.00691405399310504 0.00696291584079437 0.00673516924333804 0 0.0108316358606916 0.00488305123907787 NA 0.00458395109581614 0.0089409833486448 0.00922663339249491
"result.21" 0.0386902635121263 0.0326904795064274 0.0327957594485265 0 0.222247956244212 0.459709077062636 NA 0.607810990363503 0.334691566201867 0.331728394524553 0.723987321410989 0.714087525896308 0.71780723040585 0 0.627301161673232 0.787551198200283 NA 0.719261376842357 0.606827362553427 0.60280358157017 0.00232194948273928 0.00218476108338568 0.00222722572236951 0 0.00525453818045489 0.00536937283242925 NA 0.00387306478317057 0.0134257443052303 0.0136064280935616 0.00628731816872385 0.0062792341676142 0.00615569862892034 0 0.00997592079289609 0.00490806215632128 NA 0.00446040554991718 0.00882123836317432 0.0091881083695835
"result.22" 0.0389801239432698 0.0329167943136564 0.0325692840872888 0 0.220148160710032 0.474201742297857 NA 0.618872460527703 0.34357491145971 0.338915893086951 0.74663317668303 0.735194512565706 0.73930499056965 0 0.668397532040853 0.799314087273108 NA 0.73902438330793 0.628164080825934 0.627442878806297 0.00269601334582385 0.00248820073442452 0.00241855960266201 0 0.00613208781738558 0.00610769311651475 NA 0.00382430264082266 0.0138953056502594 0.0137953173522946 0.00571918266066824 0.00598798805470454 0.00575965805725009 0 0.00911269300989152 0.00464908883934924 NA 0.00441609105967379 0.00824292065021105 0.00826362572486843
"result.23" 0.0421056202585477 0.0322743727454597 0.0323684834360735 0 0.216336791833574 0.481727778714106 NA 0.628293653790312 0.348579645758488 0.34395192094868 0.779906112634981 0.76908904901582 0.774740935242507 0 0.722398913729832 0.822530574580901 NA 0.771786397541049 0.665173797074775 0.662707087657557 0.00357838780374682 0.00299949057584622 0.0029124058119092 0 0.00511004389352506 0.00621517788791819 NA 0.00326673383353655 0.0148947424317911 0.01492611734724 0.00495180796033451 0.00503329057907423 0.00477953495332311 0 0.00771199429875945 0.00450579880218785 NA 0.00387589163280693 0.00761679388281695 0.00805053269142654
"result.24" 0.0429728207252493 0.0359659338457306 0.0336687685102505 0 0.220552531362691 0.490486957142419 NA 0.639225459831722 0.337620963872722 0.329196739189433 0.805245713858159 0.794774998338187 0.79918777930935 0.000196078431372549 0.762493369542957 0.835099005325524 NA 0.790311031405566 0.687151695039487 0.684775496933179 0.00247464644180571 0.00233773422121566 0.00235592889048021 0 0.00490406225902724 0.00655925042752755 NA 0.00272961876797792 0.0137654805525281 0.0138637613400175 0.00494881937982151 0.00544617114276431 0.00508472058875862 0.000196078431372549 0.00752170904855443 0.00455166721241919 NA 0.00415622311414016 0.00711771692486313 0.0071931096682157
