"V1" "V2" "V3" "V4" "V5" "V6" "V7" "V8" "V9" "V10" "V11" "V12" "V13" "V14" "V15" "V16" "V17" "V18" "V19" "V20" "V21" "V22" "V23" "V24" "V25" "V26" "V27" "V28" "V29" "V30" "V31" "V32" "V33" "V34" "V35" "V36" "V37" "V38" "V39" "V40"
"result.1" 0.0216666666666667 0.0252777777777778 0.511738095238095 0 0.446930735930736 0.86860938536533 0.032312925170068 0.916408837976425 0 0 0.0156 0.0288 0.0292 4e-04 0.1048 0.2068 0.0130612244897959 0.191304347826087 0.0048 0.0036 0.011998643769226 0.0122399053286441 0.0470014060985622 0 0.028598536965924 0.00556484932490232 0.0153673646811068 0.00827906422734724 0 0 0.00409562466714681 0.00548511300216 0.00547847947643663 4e-04 0.00711873328875044 0.00895429472037826 0.00294564034448105 0.0105251699223582 0.00163595954606574 0.00128330381705529
"result.2" 0.0145833333333333 0.0563452380952381 0.457668678543679 0 0.445728424353424 0.856848410949658 0.04 0.901124227464762 0.02 0.015 0.0268 0.042 0.0516 0.0016 0.1324 0.2324 0.0112 0.26304347826087 0.01 0.0108 0.010298147300494 0.0206724742570341 0.0428163472509294 0 0.0267704174232927 0.00602875084256293 0.01836773631599 0.0065402262180172 0.0121439181269781 0.0111350751676807 0.00518131842353475 0.0063659447472667 0.00680570170941805 0.00078778554226773 0.00876531271950448 0.00909114343132309 0.0022077915287326 0.0103495283001319 0.00297464028892316 0.00325880315143428
"result.3" 0.0395 0.0847777777777778 0.456243544037662 0 0.455375579485874 0.859732111959902 0.0614478114478114 0.897035499685419 0.0103333333333333 0.00842857142857143 0.0316 0.0488 0.0644 0.0028 0.1644 0.2544 0.0246464646464646 0.292173913043478 0.0164 0.0148 0.0165036726858361 0.0244186196611904 0.0417037952191682 0 0.0239469309875528 0.00580139002794148 0.0194251405557153 0.00563543035424191 0.00711765797115795 0.00553504976693889 0.0064396499057861 0.00751198369206823 0.00811821744876636 0.00102572959990497 0.0104970606756502 0.00901661765516282 0.00388271978270526 0.0107036549599689 0.00444385854724009 0.00442782752212149
"result.4" 0.0447619047619048 0.102595238095238 0.513689023166791 0 0.456751242328288 0.850696689443838 0.0252525252525253 0.88790462917495 0.05 0.05 0.0312 0.0552 0.0816 0.0064 0.1804 0.2788 0.0258585858585859 0.290337078651685 0.0144 0.0108 0.0193556147476351 0.0254513250391822 0.0387768476097693 0 0.024128532878763 0.00664904718320153 0.0127442436743548 0.00780537490373888 0.021904291355759 0.021904291355759 0.00564484210799934 0.00850487679469428 0.00889753115229503 0.00177251747010239 0.0119729661818582 0.00993644449956469 0.00399187512546649 0.0138210966614995 0.00275724939793705 0.00233411242404491
"result.5" 0.0316154401154401 0.0606038961038961 0.44582163261575 0 0.402114870380737 0.848092064858446 0.0758333333333333 0.881756047837782 0.0488333333333333 0.046 0.066 0.0888 0.1104 0.01 0.236 0.3056 0.04 0.356818181818182 0.0244 0.0236 0.0101044390781922 0.0152362902908693 0.0381254860542506 0 0.0224897128370084 0.00714220469082898 0.022035038672372 0.00509371516648476 0.02006338860436 0.0199425662434055 0.00945163125250522 0.00965807350553845 0.00981641585315232 0.00250252397843183 0.0124754303988425 0.0112925469297947 0.00461880215351701 0.0126064386347145 0.00517632528289552 0.00560216408401632
"result.6" 0.0182619047619048 0.0746829004329004 0.368941197691198 0 0.372404423921452 0.843234668598011 0.0593434343434343 0.871297030633651 0.02 0.02 0.0644 0.0988 0.13 0.0084 0.246 0.314 0.0480808080808081 0.391208791208791 0.0204 0.018 0.0108742563095213 0.0242461926124626 0.0343418973320482 0 0.0174946610698229 0.00706333564876632 0.0196426832266241 0.00765287857533686 0.014070529413629 0.014070529413629 0.00905908774143791 0.0105670346939064 0.0106874796945876 0.00256124969497314 0.0119983163802092 0.011304776857505 0.00607734923553933 0.0146433674116811 0.00434827261650816 0.00407505344824588
"result.7" 0.0585714285714286 0.076547619047619 0.681434311461485 0 0.314466964408141 0.763575897891301 0.065 0.829002836424643 0.05 0.0394736842105263 0.0032 0.0063 0.0149 0 0.0382 0.1635 0.0022 0.155119047619048 2e-04 3e-04 0.0222284571752072 0.0249528604566024 0.0370902158260211 0 0.0294822104376269 0.00856613636290368 0.023197657492327 0.0133705843420627 0.021904291355759 0.0194408965756704 0.000601009252185123 0.00127647715976195 0.00199238449090429 0 0.0034913457218521 0.00417393305788643 0.000542720420239974 0.00652347815868455 0.00014070529413629 0.000171446607997765
"result.8" 0.0391666666666667 0.042 0.673584800864853 0 0.291282120442337 0.800681607402108 0.0925925925925926 0.800393037946787 0.1 0.1 0.0059 0.0093 0.0227 1e-04 0.0481 0.1957 0.00676767676767677 0.202820512820513 4e-04 0.0011 0.0186322057445996 0.016674207048488 0.0321980189987738 0 0.024412231643185 0.00621789312428469 0.0262376834406427 0.0127118652242715 0.0301511344577764 0.0301511344577764 0.00149135556261457 0.00173644825009343 0.00265472705896025 1e-04 0.00335054646530407 0.00411023605210703 0.000992948575401949 0.00675408248639405 0.000196946385566932 0.000633970970880522
"result.9" 0.0420833333333333 0.107651515151515 0.66279133960151 0.01 0.355821602546061 0.824525091071161 0.113230240549828 0.812603655961189 0.125 0.125 0.0059 0.0122 0.0306 0 0.0535 0.201 0.0102061855670103 0.212388059701493 5e-04 9e-04 0.0183827673750074 0.0277130674177995 0.0285476385479334 0.01 0.022704874315313 0.00655445263637264 0.0286537893974155 0.0114960808972963 0.0326637289959244 0.0328564370336385 0.00174132771821453 0.00259595645167439 0.00298758373366448 0 0.00372915079563239 0.00478106534765902 0.00142072428895458 0.00772693618726717 0.000261116483933547 0.000451596494604856
"result.10" 0.0825 0.160039682539683 0.677541321636355 0.01 0.353073614814127 0.833042457559982 0.082351290684624 0.796612241282188 0.153333333333333 0.150256097560976 0.0064 0.0103 0.0304 2e-04 0.0497 0.2141 0.0126262626262626 0.222638888888889 5e-04 9e-04 0.0268401083109106 0.0347487138684129 0.0306086150195335 0.01 0.0215061729141659 0.00505628086340644 0.0193360527369036 0.0156218814020505 0.0356658642409499 0.0353862167294124 0.0015987368751485 0.00200229666113489 0.00271516504325634 2e-04 0.00361661429929969 0.00442009872370208 0.00165945165945166 0.00826732792948984 0.000261116483933547 0.000404395046378357
"result.11" 0.109392246642247 0.174440476190476 0.668386717679944 0 0.425224745026216 0.846982862710157 0.144404761904762 0.774964294499869 0.278303232196255 0.283489502557334 0.011 0.0205 0.0464 1e-04 0.0579 0.2199 0.0166 0.254477611940298 0.002 0.0021 0.0295028960683116 0.0324941913536145 0.0303113582576899 0 0.0212246648215682 0.00664577646753061 0.0299626682181274 0.0214190659334203 0.0441522704706731 0.0446937587421683 0.00244742701421288 0.00351727339301512 0.00441649799563574 1e-04 0.00397541688303748 0.00557862985966188 0.00206079321788206 0.00961089099845796 0.000492365963917331 0.000573752489486468
"result.12" 0.123333333333333 0.193444444444444 0.645104428828117 0.01 0.431582471450119 0.855152762035045 0.145938613540654 0.768886189351447 0.291266666666667 0.279677419354839 0.0133 0.0223 0.0603 1e-04 0.0589 0.2346 0.0172448979591837 0.285087719298246 0.0017 0.0023 0.0319247853429263 0.0370590321894179 0.027863531164582 0.01 0.0223392770643864 0.00420371626518322 0.0284280605884268 0.0232615799163222 0.0452194742668929 0.0445744571957766 0.0029234509841223 0.00435044407346694 0.00531902436561633 1e-04 0.00356156531243602 0.00480828409722179 0.00191212708972401 0.012374996030524 0.000586979943903925 0.000722719331637969
"result.13" 0.052 0.035 0.035 0 0.575876956376956 0.889589679384684 0 0.921423299557241 0.0560860215053763 0.045 0.0196 0.0168 0.0168 4e-04 0.1304 0.2968 0.00421052631578947 0.163368421052632 0.012 0.0128 0.0219494368442058 0.0177738316327429 0.0177738316327429 0 0.0200320174419553 0.00371667021632392 0 0.0037177886037846 0.0214468614152066 0.0194039983383619 0.00391815252279939 0.00402738103235812 0.00402738103235812 4e-04 0.00776669918057962 0.0105168263446553 0.00126614056215924 0.00820047048375207 0.00423549217203785 0.00432535395877457
"result.14" 0.0347222222222222 0.0395833333333333 0.0395833333333333 0 0.514511648456089 0.878397534428321 0.0108695652173913 0.885705012122473 0.0416666666666667 0.0303333333333333 0.042 0.0428 0.0428 0.0024 0.1924 0.3336 0.0121739130434783 0.235217391304348 0.0252 0.0236 0.0155056468480062 0.0162335883628222 0.0162335883628222 0 0.0184461569654302 0.00363140478627506 0.0108695652173913 0.00435413759106487 0.018116425927596 0.015272276328119 0.00602687583439649 0.0061300386407733 0.0061300386407733 0.00137157286398212 0.00916197676169385 0.00998131587851355 0.00267630186295315 0.0094541393883086 0.00523098770054302 0.00571639499310288
"result.15" 0.0385952380952381 0.0291666666666667 0.0291666666666667 0 0.487811695279265 0.869757527380884 0.016140350877193 0.86579944778444 0.0632619047619048 0.0615238095238095 0.0852 0.0744 0.0748 0.0052 0.2424 0.3816 0.0286315789473684 0.301473684210526 0.052 0.0464 0.0118162798852622 0.0110080447065036 0.0110080447065036 0 0.0188998119929099 0.00413181835973416 0.011230869378584 0.00525544053940422 0.0192637525712899 0.0196498623216537 0.00923156639914474 0.00789875325797072 0.00789128146959182 0.00146666666666667 0.0106942068712953 0.0116017414227522 0.00421858132088691 0.0109860630645611 0.00669086517332974 0.00632378866110365
"result.16" 0.0486904761904762 0.0218333333333333 0.0168333333333333 0 0.473577084278173 0.864619885512019 0.00520833333333333 0.847628989767577 0.0651555944055944 0.058219696969697 0.1276 0.1168 0.1184 0.0108 0.2904 0.4228 0.0520833333333333 0.3675 0.0836 0.0708 0.014739092950072 0.0112184086929784 0.00721442858430103 0 0.0149871637725499 0.00404438209500873 0.00386568237749362 0.00443613833756862 0.0198862465792867 0.0185924836196849 0.0104011654358655 0.0106162444614207 0.0105281920709507 0.00300060599940018 0.0109155805612848 0.0104098632327832 0.00543283686247517 0.00944629324869554 0.00971671474596972 0.00966267420165209
"result.17" 0.0508297258297258 0.0346356421356421 0.0451911976911977 0 0.436613503986404 0.856242659933086 0.0214776632302405 0.823784692292977 0.0624487734487734 0.0463502886002886 0.2124 0.1996 0.2016 0.032 0.37 0.4744 0.107216494845361 0.442474226804124 0.1456 0.13 0.00960064715090586 0.00876010949524853 0.0129914177823433 0 0.0156661806475845 0.00402582170675547 0.011523288407235 0.00463946636472419 0.0122948283848329 0.0108963161332696 0.0138061031739041 0.01350788770693 0.0135368707124974 0.00588097428882822 0.0134103834336824 0.0106972289435492 0.00988849155367346 0.0112731538440207 0.012566043710948 0.012831463854388
"result.18" 0.0468533688533689 0.0298426938558518 0.0294639059770639 0 0.428342278134291 0.848082856045992 0.00968744886270659 0.815058098751596 0.0734884092515671 0.0765578049401579 0.262 0.2424 0.2436 0.0392 0.436 0.5004 0.143917525773196 0.49979381443299 0.1584 0.1332 0.00890787999365939 0.00722005498629599 0.00700162335887094 0 0.0118004761346261 0.00422881595092062 0.00446063549116287 0.00404393983282984 0.0162388276214586 0.0192053452502928 0.0146542647289953 0.014725172565057 0.0146511763929375 0.00606976277971555 0.0116584386570069 0.00953877784772676 0.010382045594516 0.00988114437736118 0.0141783160659031 0.0141684526503444
"result.19" 0.0128427128427128 0.0295757575757576 0.0245757575757576 0 0.158128862834385 0.62257780142026 0.0214776632302405 0.782369981194366 0.0396666666666667 0.0281666666666667 0.0243 0.0191 0.0192 2e-04 0.1191 0.2896 0.00206185567010309 0.146907216494845 0.0114 0.0123 0.00504207269427966 0.0103378003121727 0.00918436252820438 0 0.0117734303919603 0.00682561900863588 0.0121685699950303 0.00537966815076357 0.0163673115962546 0.0133242709101172 0.00297550606849261 0.00241248855128911 0.00243576051633351 0.00014070529413629 0.00537501703074586 0.00589113355352385 0.000547136884126827 0.00422559910742009 0.00161445490691584 0.00201436758504419
"result.20" 0.0506713188772012 0.0207743271221532 0.0229409937888199 0 0.211510286323588 0.686452674427672 0.0246527777777778 0.752176088343422 0.166359649122807 0.167428571428571 0.0338 0.0283 0.0286 3e-04 0.1356 0.3151 0.009375 0.209479166666667 0.0115 0.0112 0.0114260597145866 0.00651588995822406 0.00682485551107511 0 0.0126707970403511 0.00653145759298833 0.0123824373329625 0.00486403554647486 0.0329973728126904 0.0332244990253635 0.00358385831249513 0.00350196193207998 0.0035047442593194 0.000171446607997765 0.00536603610073054 0.00508611697256226 0.00146458559494223 0.00422339399473875 0.00223098021669237 0.00194510522682819
"result.21" 0.0586098901098901 0.0457344877344877 0.0393352203352203 0 0.266368378906144 0.729020497787912 0.0191690962099125 0.731426585372375 0.235278428888185 0.177233925581864 0.0682 0.0551 0.0582 0.001 0.1579 0.3404 0.0228571428571429 0.271734693877551 0.0207 0.0214 0.0105796162470427 0.015924466398119 0.0127102344438948 0 0.0124130982194047 0.00683281758663157 0.00726597598592391 0.00492514502753482 0.0368939733455996 0.0331645126576674 0.00562530358327801 0.00531530095501884 0.00527502214079321 0.000362371537669739 0.00533578542115461 0.00505708823475935 0.00231625400398629 0.00472920278012004 0.00340604038600706 0.00370099631685493
"result.22" 0.0569313710799005 0.0616916031165257 0.0626252723884303 0 0.311995585807486 0.759719984178161 0.0260049474335189 0.710824957851011 0.349393722176479 0.330034128395971 0.0929 0.0752 0.0776 0.0013 0.1692 0.363 0.046530612244898 0.339489795918367 0.0268 0.0248 0.0135636205951968 0.0167298693863309 0.0167104950949384 0 0.0124802075339851 0.00561685813889385 0.00788269726820951 0.00455674527622562 0.037984646601129 0.0394269745813277 0.00628336749448153 0.00591262986489023 0.00600525022817787 0.000525222415609412 0.005994408168696 0.00534562976418659 0.00336158807265482 0.00523259228966313 0.00312008805884537 0.00303674466852552
"result.23" 0.0798054178993514 0.0638280273647921 0.0596482023588801 0.005 0.379163597194582 0.80157470745653 0.0202713660608397 0.698149761936305 0.556243615908248 0.527110530722966 0.0982 0.0798 0.0838 9e-04 0.1846 0.3774 0.07 0.391684210526316 0.0396 0.033 0.0139237735360773 0.013472267810707 0.0128415464377089 0.005 0.0119289814700088 0.00527765040471302 0.00456566317103567 0.00495748337053995 0.0354820195692023 0.0376398843412906 0.00689661020525536 0.00638492542848174 0.00645853909740642 0.000287623491264661 0.00568787475177849 0.00561674984202419 0.0037948512298459 0.0056068519742471 0.00352457462151481 0.00379925564214142
"result.24" 0.102002446914971 0.104169210639774 0.0926971970088809 0.0433333333333333 0.420407761753779 0.82011703047325 0.0315803449533285 0.70765968736333 0.659765221816873 0.653503269819196 0.141 0.1143 0.1209 0.0048 0.1996 0.396 0.109578947368421 0.437157894736842 0.0598 0.0555 0.0114953477609414 0.0125898039909362 0.0117946134147835 0.0199071920746321 0.0139685784601861 0.00369271870694291 0.00568320958084971 0.00460085817399169 0.0272058530128025 0.0296898668316803 0.00872069406931037 0.00786149676035876 0.00789334843364649 0.00129083795507516 0.00602003389365941 0.00462317395019238 0.00497905082647981 0.00542620896555266 0.00418988681412177 0.00456020334474841
