"V1" "V2" "V3" "V4" "V5" "V6" "V7" "V8" "V9" "V10" "V11" "V12" "V13" "V14" "V15" "V16"
"result.1" 0.0319007936507937 0.0424955703211517 0.0178333333333333 0.0118650793650794 0.0565645753292645 0.0413560199302213 0.017197477570227 0.0126191783630485 0.0128076620759612 0.0154373434492104 0.0109258674312193 0.00966859491901063 0.00836346366348028 0.00639983518496201 0.0033925379788782 0.00291812691081706
"result.2" 0.0378717948717949 0.0422777777777778 0.006 0.0075 0.0873522825628254 0.0572228754677046 0.0243069019346408 0.0146441273085228 0.0138320745804121 0.0133101404625219 0.00445403006707227 0.00556753758384034 0.0103640724374931 0.00756320859345122 0.00442528238735191 0.0027986437124906
"result.3" 0.0387368742368742 0.0450238095238095 0.0025 0.00625 0.139040376654601 0.107098793601452 0.0480291437711417 0.0307057322093926 0.0148534764760031 0.0135730651167406 0.0025 0.00514161816685539 0.0143429342341318 0.0117840748462342 0.00784436048811486 0.0058436335694913
"result.4" 0.0504366883116883 0.0465483405483405 0.00666666666666667 0.00549242424242424 0.170462115081852 0.132269618900158 0.0631788184349653 0.0471036421671667 0.0137416858085663 0.0131743803741394 0.00469017647120966 0.00365126104568719 0.0145044023310639 0.0118784279384301 0.00919763218007503 0.00743958642268027
"result.5" 0.0328026634098616 0.0629312327457489 0.00539285714285714 0.0356765873015873 0.209158996821793 0.174396010626531 0.0734195107878017 0.0617213626212172 0.00769025257081719 0.0170963783208907 0.00281099776069583 0.015448750328674 0.018643234154851 0.0149863413718616 0.0109503023827606 0.00917782878259488
"result.6" 0.0486528125148061 0.0564791597291597 0.0167146464646465 0.00325 0.264535730265786 0.209580655860781 0.0959273357579261 0.0601778078340971 0.0133341035857551 0.0113506056362756 0.0067721797359252 0.00234776381893387 0.019490219439325 0.0139447213582884 0.0111855077607456 0.00811047182972713
"result.7" 0.0641800044791463 0.0998834776334776 0.00385964912280702 0.0105555555555556 0.106047900316356 0.025388491453198 0.023107108274397 0.00367292052579384 0.0168503802709298 0.0214469321509187 0.00252280085309044 0.00635126529867289 0.010113888905845 0.00344432433007331 0.00395551780551209 0.000940297428366064
"result.8" 0.0336025701838901 0.0903999242614238 0.00987301587301587 0.0251666666666667 0.147867574969026 0.0462990407720671 0.0384692234907907 0.00805213614143948 0.00603265984094796 0.0169554633031646 0.00410586039561117 0.0110870826042472 0.0117132651915908 0.00568634721681564 0.00534240793697485 0.00152841151711834
"result.9" 0.0333939642876452 0.131097077056381 0.012354675553205 0.0488130933394091 0.217413612891819 0.0684104407756689 0.0723228668825702 0.0109255397993953 0.00460892971322575 0.0201200155683379 0.00374583422140328 0.0162006766501724 0.0144562423253337 0.00721368010628407 0.0080601518714475 0.00187963291995495
"result.10" 0.0561263455391772 0.131682515292417 0.00651544214523754 0.0492979797979798 0.238574182089888 0.0964572210832691 0.0841843363157584 0.0193048697096261 0.00804446784964189 0.0176129451089879 0.00254400813348538 0.0174528457138105 0.0148640936059978 0.00836909535578916 0.0096255320449355 0.0034609615260146
"result.11" 0.0501075140336396 0.126953319603601 0.0175368394260588 0.0540521485682776 0.282490797742948 0.136978023443124 0.117980514973436 0.028353514102372 0.00774678461981717 0.0147282865857255 0.00431310407610613 0.0148567937707476 0.0165519201488 0.0101129738163869 0.0115901838598848 0.00393788554348073
"result.12" 0.04406034722632 0.143694718367764 0.0107207796290988 0.054636744304314 0.355728227124056 0.188436606328702 0.172722490978975 0.0450579585966201 0.00555972915071071 0.0129551214249579 0.00246783177131388 0.0138109282551585 0.01604563716534 0.0120821704401471 0.0136461856119456 0.00619992343677457
"result.13" 0.22512277675292 0.235349609236727 0.0293921078921079 0.0277622655122655 0.395827619914198 0.354978886882441 0.164074170567747 0.134624113283624 0.0138858484096619 0.013925026266539 0.0114887900025362 0.00881520295264046 0.015108733159642 0.0138532252865092 0.0121878561378291 0.0111297628675865
"result.14" 0.207884883956894 0.217430573361569 0.0308886015944839 0.0340590659340659 0.502535370583829 0.463900568418113 0.262437315935719 0.212519694435361 0.0111958680966501 0.0131813906107315 0.00699197042472543 0.00777104706406016 0.014354141918556 0.0129979153997604 0.0152904728453726 0.0130739917100293
"result.15" 0.17662662243161 0.204866158195288 0.0186162032412032 0.0386140676488974 0.59621722650494 0.550513023642175 0.358471923438442 0.288053605569531 0.0105315101440387 0.012932272835228 0.00462839576403136 0.00985499936022684 0.0127935846719619 0.0124142897970939 0.0124930178582771 0.0133530716924089
"result.16" 0.178844073633959 0.209943856950039 0.0206982364041188 0.0296527734821078 0.648967283195267 0.630280334629515 0.429636027421632 0.39523075758353 0.00966956950597266 0.011289102770143 0.00435088288900713 0.00617622130809603 0.0119123965541091 0.0112722864277919 0.0156299845048804 0.0141973715511289
"result.17" 0.183456284012514 0.213599585320507 0.0239997055019434 0.0366844121631946 0.683034411493321 0.666646189613835 0.481247385762742 0.452572938120603 0.0105475712261132 0.0111506842150533 0.00442856185958075 0.00538008738852631 0.0129749091222947 0.0119131037281919 0.0148923388165051 0.0115783310456114
"result.18" 0.191223546248616 0.226850260401931 0.0242193989921477 0.0392612255051749 0.734616292601501 0.722474693508975 0.546203382385876 0.515508202618323 0.00958228878578434 0.0110467018447206 0.00405061522893036 0.00660121655858247 0.0109818305380979 0.0107542249470962 0.0135305246821433 0.0127466927586369
"result.19" 0.118198759739335 0.260397824409846 0.0214221396420966 0.0920756334963784 0.496370014929304 0.349288056222744 0.292483376845655 0.116114216475071 0.00595440943322825 0.0124677495799314 0.00280745397874683 0.0134730688332563 0.00954954666257311 0.00712864102215154 0.00997796299013235 0.00675447709607084
"result.20" 0.111559316649314 0.275892653536962 0.0245057502699369 0.1329761386806 0.595761628870912 0.464344696712334 0.402979279901233 0.215965401590899 0.00475085515821019 0.0130581711759024 0.00266109817608178 0.0148424020562373 0.00871196828847624 0.00684536066329128 0.0105235090504401 0.008105438337809
"result.21" 0.102406052144137 0.276438687316144 0.0218602559646987 0.14502395170488 0.66121447620155 0.549531823543947 0.49175648160696 0.315774453618131 0.00400489134294572 0.0128186853887541 0.00206286236252106 0.0143569835844588 0.00693462074516562 0.00733607180092496 0.00877471933430817 0.00824728824831658
"result.22" 0.117347393489968 0.289160642182932 0.0281503803180743 0.137877950064312 0.680777621636439 0.597686432828926 0.529009625488002 0.385127626403284 0.00463063818168824 0.0114194451888928 0.00231681556782997 0.0119577870034724 0.00724389846383025 0.00619324079715039 0.00888586639831937 0.00898386818982604
"result.23" 0.107602896115503 0.324933689407823 0.0269362653299023 0.177494551827412 0.727217769018822 0.652577813859404 0.589744810136952 0.452795674831133 0.00503116982195652 0.0127435664982534 0.00263903654858969 0.0145528162182907 0.00794798507100698 0.00711000753699101 0.00908874935215617 0.00783812861328076
"result.24" 0.107108952446428 0.343339456490856 0.0222559955345943 0.17396589242246 0.758788311354714 0.685477262819735 0.630596462487368 0.496679789609761 0.0043334969000658 0.0111474886344115 0.00207658632576652 0.0126061706402707 0.006852325614241 0.00619471723217363 0.0076914032456198 0.00741531763348107
